$ANSIBLE_VAULT;1.1;AES256
33646662666339386431643831623738656434646139666464616664666564633731623363316633
3664383166613430333637323265383333626434326233340a626365613537626662323464303834
37656238643761386661366637326139666164353439646436643331353633346632373239303034
6364653466646162330a333666643236656436616466373135643565316661383736303061373833
37373436313233343732323730386634353734383864343539663763353865626164653139363435
39343762376364363739313134643033623036323633306539343131343030376630346364633337
33326463643762323961353834643961616231373937613732373731303762326135343862373634
62383034353938613530663864396637373032326137653630363831316631666630346431633139
38303662386462373733386265353933663730313033643632656137326638646137383931613366
65616139346435393134306630323964393335323530653864306530363932383336326330373562
63633836353434326232663639663639643865366633343634326562646263626632356566303439
34356635313430643134383334636632393562336332373439393638626331623234386461303861
38356665313063623061366439613833343135616131656662396234393635616266653563313730
31363464353433653234323865393133643330613636336661326533653565363731633162323235
63306331633766373836303639633536353535343333313362313064356639666562333332376438
35656431323437333561303333656333643061353564393936663561656338313636313961303964
64303734373165326131663337666161616536616663613563346564363231623363383834616263
65653564396137353830373533306663303635663764336639613537353163353336623139376266
32623833623465623732663839613835633633613430633464333539653139653962306439373264
64333161656530623836336139636134303235306664623634323637613537396462613033666133
62306330653862626330306632393535613765313134633337303433616532343338306663306461
35396461316333306264333930306138353232363164643762353238656364656138326532363732
353464353030383030303935303633306233
